[kyctPos]
X0 = 20.200000    
X1 = 58.000000    
X2 = 362.000000    