[kyctPos]
X0 = 119.400000    
X1 = 19.100000    
X2 = 34.800000    