[kyctPos]
X0 = 161.200000    
X1 = 39.200000    
X2 = 111.400000    