[kyctPos]
X0 = 177.100000    
X1 = 18.600000    
X2 = 125.900000    