[kyctPos]
X0 = 75.100000    
X1 = 60.800000    
X2 = 66.648437    