[kyctPos]
X0 = 115.200000    
X1 = 15.300000    
X2 = 21.400000    