[kyctPos]
X0 = 120.500000    
X1 = 20.000000    
X2 = 26.800000    