[kyctPos]
X0 = 164.000000    
X1 = 90.000000    
X2 = 210.000000    